5 5 2
25 5 2
45 5 2
5 25 2
5 45 2
15 35 2
35 35 2
55 35 2
65 5 2
65 25 2
65 45 2
65 65 2
45 65 2
25 65 2
5 65 2
5 85 2
5 105 2
5 125 2
25 85 2
45 85 2
45 105 2
25 105 2
25 125 2
25 145 2
35 155 2
55 155 2
75 155 2
95 155 2
65 85 2
65 105 2
65 125 2
45 125 2
95 135 2
115 135 2
115 155 2
125 165 2
145 165 2
165 165 2
185 165 2
195 155 2
135 135 2
155 135 2
175 135 2
195 135 2
215 135 2
215 155 2
235 155 2
255 155 2
275 155 2
285 145 2
285 125 2
305 125 2
305 105 2
305 85 2
305 65 2
305 45 2
305 25 2
305 5 2
285 5 2
265 5 2
245 5 2
225 5 2
205 5 2
185 5 2
295 35 2
275 35 2
255 35 2
235 35 2
215 35 2
195 35 2
175 35 2
155 35 2
135 35 2
115 35 2
95 35 2
75 35 2
85 5 2
105 5 2
125 5 2
125 25 2
185 25 2
245 25 2
245 45 2
245 65 2
245 85 2
245 105 2
245 125 2
265 125 2
265 65 2
285 65 2
285 85 2
285 105 2
265 105 2
265 85 2
225 45 2
215 55 2
195 55 2
175 55 2
155 55 2
135 55 2
115 55 2
95 55 2
85 45 2
75 135 2
235 135 2
125 65 2
115 75 2
95 75 2
85 85 2
85 105 2
95 115 2
115 115 2
125 105 2
135 95 2
125 85 2
155 95 2
175 95 2
185 85 2
185 65 2
195 75 2
215 75 2
225 85 2
225 105 2
215 115 2
195 115 2
75 95 2
105 95 2
125 125 2
185 105 2
205 95 2
185 125 2